2798 1 -26.1586151212987 -247.3311142342979 0.7379090000000018 
2959 1 27.53027430691061 -245.01223177937368 0.7379090000000018 
7574 1 -26.387402910558542 -241.0977955327809 0.7379090000000016 
7815 1 27.316023686834924 -238.71217526633 0.7379090000000017 
13334 1 -26.67411011277556 -234.85473183857215 0.7379090000000016 
13575 1 27.039464600043374 -232.42786574202967 0.7379090000000017 
19094 1 -27.02888230093505 -228.60899599559932 0.7379090000000016 
19335 1 26.67872161279767 -226.14911905300596 0.7379090000000017 
24854 1 -24.889469294442442 -222.37576244729672 0.7379090000000018 
25095 1 28.794708121927048 -219.85266436474546 0.7379090000000018 
30614 1 -25.34574635362633 -216.1572688708076 0.7379090000000016 
30855 1 28.320784236762567 -213.52645224751967 0.7379090000000017 
36374 1 -25.824846126657533 -209.9450683019034 0.7379090000000016 
36615 1 27.842709047868606 -207.19871975412815 0.7379090000000017 
42134 1 -26.32861712784079 -203.73009638968182 0.7379090000000016 
42375 1 27.340079587243665 -200.8859268706809 0.7379090000000017 
47894 1 -24.302060262049856 -197.51600345055445 0.7379090000000017 
48135 1 29.354710678635968 -194.56952478521424 0.7379090000000018 
53654 1 -24.844748731386023 -191.3079512830339 0.7379090000000015 
53895 1 28.80467135407784 -188.23888829103674 0.7379090000000016 
59414 1 -25.39181468971067 -185.09665217442412 0.7379090000000015 
59655 1 28.266401088005253 -181.91482395328927 0.7379090000000016 
65174 1 -25.950288464925297 -178.87569224208485 0.7379090000000015 
65415 1 27.714526471211435 -175.61025427816696 0.7379090000000016 
70934 1 -23.96826384936114 -172.65391982945658 0.7379090000000016 
71175 1 29.68829831875551 -169.30721747438358 0.7379090000000017 
76694 1 -24.547832043415113 -166.43514195259556 0.7379090000000014 
76935 1 29.103758220391597 -162.99047281457885 0.7379090000000015 
82454 1 -25.125735017462016 -160.21118009629419 0.7379090000000014 
82695 1 28.536126156996698 -156.67981092831712 0.7379090000000015 
88214 1 -25.709918126835706 -153.9793277394745 0.7379090000000014 
88455 1 27.959391384765468 -150.39054236656523 0.7379090000000015 
93974 1 -23.749756334404907 -147.74491105239588 0.7379090000000015 
94215 1 29.91172770037347 -144.10029628613609 0.7379090000000015 
99734 1 -24.347782202623733 -141.51498912572148 0.7379090000000013 
99975 1 29.308879799402693 -137.79663237875786 0.7379090000000013 
105494 1 -24.941316606536706 -135.2815252156716 0.7379090000000013 
105735 1 28.725582888840155 -131.49923851111646 0.7379090000000013 
111254 1 -25.539049273242053 -129.03889073223507 0.7379090000000013 
111495 1 28.135154731680693 -125.22036973980644 0.7379090000000013 
117014 1 -23.590352809511437 -122.79640617452068 0.7379090000000013 
117255 1 30.075815922979018 -118.94168135106287 0.7379090000000013 
122774 1 -24.19835202289629 -116.55812241091026 0.737909000000001 
123015 1 29.462748354013954 -112.64775623320845 0.737909000000001 
128534 1 -24.800618621108832 -110.31596322485856 0.737909000000001 
128775 1 28.870461529096342 -106.35833178373436 0.737909000000001 
134294 1 -25.405759439679343 -104.0672428656413 0.737909000000001 
134535 1 28.27236480305193 -100.08873251371318 0.737909000000001 
140054 1 -23.463641707055018 -97.81784035046961 0.737909000000001 
140295 1 30.20619613844128 -93.81726364036925 0.737909000000001 
145814 1 -24.077394791801538 -91.57315095414651 0.7379090000000008 
146055 1 29.587137018041968 -87.52996972560109 0.7379090000000008 
151574 1 -24.6846084495043 -85.32604418693548 0.7379090000000008 
151815 1 28.98968087864564 -81.24765208760559 0.7379090000000008 
157334 1 -25.294167808820216 -79.0718925566696 0.7379090000000008 
157575 1 28.386962147420054 -74.98378133162642 0.7379090000000008 
163094 1 -23.355903811872864 -72.81772711569728 0.7379090000000008 
163335 1 30.31675364765013 -68.71791736658048 0.7379090000000008 
168854 1 -23.973030667245332 -66.56870267270583 0.7379090000000006 
169095 1 29.694152493616706 -62.435951041965076 0.7379090000000006 
174614 1 -24.583212986866833 -60.31745162463647 0.7379090000000006 
174855 1 29.09357639406688 -56.15852557043347 0.7379090000000006 
180374 1 -25.19538182603802 -54.059311992727494 0.7379090000000006 
180615 1 28.488113361564 -49.89915119601982 0.7379090000000006 
186134 1 -23.259377385732552 -47.80158324965052 0.7379090000000006 
186375 1 30.415525906485552 -43.637723662089265 0.7379090000000006 
191894 1 -23.878485557169295 -41.54899206151056 0.7379090000000004 
192135 1 29.790838351134536 -37.35976612725773 0.7379090000000004 
197654 1 -24.490368317269752 -35.29444416886681 0.7379090000000004 
197895 1 29.188470504086546 -31.086252604690994 0.7379090000000004 
203414 1 -25.103979285755297 -29.033253794255984 0.7379090000000004 
203655 1 28.581486719973118 -24.830720445748042 0.7379090000000004 
209174 1 -23.169206727880166 -22.77239820805357 0.7379090000000004 
209415 1 30.507600837129274 -18.57279130309914 0.7379090000000004 
214934 1 -23.789322093948037 -16.51688327705746 0.7379090000000001 
215175 1 29.88185121371048 -12.29831216033994 0.7379090000000001 
220694 1 -24.40200172465028 -10.2595753132646 0.7379090000000001 
220935 1 29.278642360220616 -6.028259749981646 0.7379090000000001 
226454 1 -25.016230322983958 -3.9955503424458594 0.7379090000000001 
226695 1 28.67100745512856 0.22402755196902624 0.7379090000000001 
232214 1 -23.081879746409665 2.2679919914080022 0.7379090000000001 
232455 1 30.596676232478796 6.478667651381439 0.7379090000000001 
237974 1 -23.70223624539613 8.526162790707692 0.7379089999999999 
238215 1 29.970671954681997 12.749893644049829 0.7379089999999999 
243734 1 -24.314990697904197 14.786232155852923 0.7379089999999999 
243975 1 29.36738467215966 19.016829896278775 0.7379089999999999 
249494 1 -24.92910305386666 21.052880521153906 0.7379089999999999 
249735 1 28.759872036196256 25.265858704500257 0.7379089999999999 
255254 1 -22.994467507912546 27.31916473193351 0.7379089999999999 
255495 1 30.68584164122617 31.517318672902245 0.7379089999999999 
261014 1 -23.614357117538358 33.5801123806977 0.7379089999999997 
261255 1 30.060330134114956 37.785323878679634 0.7379089999999997 
266774 1 -24.22644361790077 39.842870672094094 0.7379089999999997 
267015 1 29.457746757923626 44.048838579888674 0.7379089999999997 
272534 1 -24.839712553273827 46.11247786551176 0.7379089999999997 
272775 1 28.85112431140867 50.294564418820116 0.7379089999999997 
278294 1 -22.90401854563223 52.38170917755116 0.7379089999999997 
278535 1 30.77821003479183 56.54251884681287 0.7379089999999997 
284054 1 -23.522621618728316 58.64561197864066 0.7379089999999995 
284295 1 30.154054464568617 62.80679273438862 0.7379089999999995 
289814 1 -24.13320708210904 64.91165460971443 0.7379089999999995 
290055 1 29.553053852599408 69.06662618400037 0.7379089999999995 
295574 1 -24.744701768779617 71.18449770709816 0.7379089999999995 
295815 1 28.948300207848185 75.30829492076471 0.7379089999999995 
301334 1 -22.806966111047817 77.45724146080089 0.7379089999999995 
301575 1 30.877536137652733 81.55208745693005 0.7379089999999995 
307094 1 -23.423232089754645 83.72495977892814 0.7379089999999993 
307335 1 30.255840776123133 87.81206452661593 0.7379089999999993 
312854 1 -24.031121763842073 89.99485000870132 0.7379089999999993 
313095 1 29.6576746440829 94.06713276383061 0.7379089999999993 
318614 1 -24.639560745785563 96.27200532865614 0.7379089999999993 
318855 1 29.05613212868021 100.30393079163407 0.7379089999999993 
324374 1 -22.69832224941926 102.54916028919256 0.7379089999999993 
324615 1 30.98904360759211 106.54230814447253 0.7379089999999993 
330134 1 -23.31057134639319 108.82132718964019 0.737908999999999 
330375 1 30.371555196676248 112.79618117783016 0.737908999999999 
335894 1 -23.913996549662198 115.09714773519028 0.737908999999999 
336135 1 29.778062607117405 119.0458076918164 0.737908999999999 
341654 1 -24.517227977868654 121.3795556896975 0.737908999999999 
341895 1 29.181952862088924 125.27557912182058 0.737908999999999 
347414 1 -22.570152241900328 127.66354027890509 0.737908999999999 
347655 1 31.120941964904 131.50748249508163 0.737908999999999 
353174 1 -23.175639007362875 133.94235861248322 0.7379089999999988 
353415 1 30.510470883465388 137.75358413766565 0.7379089999999988 
358934 1 -23.771204105637974 140.22440532553358 0.7379089999999988 
359175 1 29.925097426628803 143.9937790730149 0.7379089999999988 
364694 1 -24.365588387332213 146.51567417154783 0.7379089999999988 
364935 1 29.338092874171608 150.21538907058033 0.7379089999999988 
370454 1 -22.40807957608827 152.80718553362271 0.7379089999999988 
370695 1 31.287755024844834 156.4363639199363 0.7379089999999988 
376214 1 -23.00157461922427 159.09524291214288 0.7379089999999987 
376455 1 30.68947252156838 162.67170666986058 0.7379089999999986 
381974 1 -23.58326176487494 165.38825631777271 0.7379089999999987 
382215 1 30.118100604612696 168.90128311841752 0.7379089999999986 
387734 1 -24.16120564239611 171.68918335828332 0.7379089999999987 
387975 1 29.547530668267914 175.10943256889433 0.7379089999999986 
393494 1 -22.184488074432196 177.99197957186723 0.7379089999999987 
393735 1 31.516195896268 181.31713723608723 0.7379089999999986 
399254 1 -22.75539422179134 184.29278060168187 0.7379089999999986 
399495 1 30.939985456271366 187.5395308108963 0.7379089999999985 
405014 1 -23.31007428619822 190.596672388078 0.7379089999999986 
405255 1 30.394638149332284 193.75374704541267 0.7379089999999985 
410774 1 -23.855983992672847 196.91012543497106 0.7379089999999986 
411015 1 29.8544373372807 199.9485322556709 0.7379089999999985 
416534 1 -21.84066294939472 203.22326501762376 0.7379089999999986 
416775 1 31.85904928974601 206.14260987704807 0.7379089999999985 
422294 1 -22.364659637434308 209.53100490960668 0.7379089999999985 
422535 1 31.325690506728698 212.3522435866892 0.7379089999999984 
428054 1 -22.861906999335528 215.83968538217152 0.7379089999999985 
428295 1 30.83179968836591 218.55931593848578 0.7379089999999984 
433814 1 -23.33580046252053 222.14939028078186 0.7379089999999985 
434055 1 30.35521676385474 224.75129513995586 0.7379089999999984 
439574 1 -21.228399741768147 228.45060802132437 0.7379089999999985 
439815 1 32.44109490546466 230.95369257730044 0.7379089999999985 
445334 1 -21.631774937303444 234.73655568730265 0.7379089999999985 
445575 1 32.01716489941153 237.18715234152492 0.7379089999999984 
451094 1 -21.969609026706703 241.01303911623225 0.7379089999999985 
451335 1 31.678280201436348 243.43171728046786 0.7379089999999984 
456399 1 -22.240901082857988 247.29394649163132 0.7379089999999985 
456600 1 31.419182405187364 249.66573118569013 0.7379089999999984 
