2798 1 -26.19200607334489 -247.16897539900307 0.7379090000000013 
2959 1 27.518403159769477 -245.1995401413918 0.7379090000000014 
7574 1 -26.477316550362136 -240.9164361896785 0.7379090000000013 
7815 1 27.2333956947302 -238.931101120695 0.7379090000000013 
13334 1 -26.821329393009034 -234.67184939465017 0.7379090000000011 
13575 1 26.869012730304505 -232.65393945509433 0.7379090000000013 
19094 1 -24.648112933357506 -228.445129560359 0.7379090000000014 
19335 1 29.014703124194217 -226.34246152884867 0.7379090000000015 
24854 1 -25.04325721248032 -222.2324442945264 0.7379090000000013 
25095 1 28.611946463881473 -220.00985431113435 0.7379090000000014 
30614 1 -25.44353518093711 -216.0150842607035 0.7379090000000013 
30855 1 28.224003222129223 -213.68877052689194 0.7379090000000014 
36374 1 -25.861712386133366 -209.7877708571306 0.7379090000000013 
36615 1 27.81540244469587 -207.39405476377863 0.7379090000000013 
42134 1 -26.30701788616382 -203.55858436086706 0.737909000000001 
42375 1 27.359645090674068 -201.10393570311058 0.7379090000000011 
47894 1 -24.21132579067354 -197.33776088451793 0.7379090000000013 
48135 1 29.437437830890662 -194.78994630606766 0.7379090000000013 
53654 1 -24.667134084099335 -191.1228156482476 0.7379090000000011 
53895 1 28.982287590318155 -188.46413490195465 0.7379090000000013 
59414 1 -25.117044336959832 -184.89853260710558 0.7379090000000011 
59655 1 28.549792147936266 -182.15695000371298 0.7379090000000013 
65174 1 -25.577350104243266 -178.65971257892278 0.7379090000000011 
65415 1 28.100941011094257 -175.8758887822825 0.7379090000000011 
70934 1 -26.057776101926656 -172.41956306849806 0.7379090000000009 
71175 1 27.610608680586626 -169.59913239267385 0.737909000000001 
76694 1 -23.990209760903507 -166.18854414828218 0.7379090000000011 
76935 1 29.662000344360234 -163.29886616120567 0.7379090000000011 
82454 1 -24.468985372962134 -159.9605687500389 0.737909000000001 
82695 1 29.18609156355167 -156.98650318190641 0.737909000000001 
88214 1 -24.938921656887068 -153.72385014084816 0.737909000000001 
88455 1 28.734228285004512 -150.69479340685882 0.737909000000001 
93974 1 -25.417448503629238 -147.47353512497978 0.7379090000000009 
94215 1 28.26596458953267 -144.42771907593735 0.7379090000000009 
99734 1 -25.913498705520233 -141.22362117219382 0.7379090000000008 
99975 1 27.758612447496567 -138.16176494587964 0.7379090000000008 
105494 1 -23.85808748825795 -134.9838115680776 0.7379090000000009 
105735 1 29.79837269623554 -131.87082960351162 0.7379090000000009 
111254 1 -24.346590991290082 -128.74684450495616 0.7379090000000008 
111495 1 29.314052214712135 -125.56912030774394 0.7379090000000008 
117014 1 -24.82570525322864 -122.50109931508389 0.7379090000000008 
117255 1 28.853009246025287 -119.28877025498264 0.7379090000000008 
122774 1 -25.31328663023134 -116.2438337297697 0.7379090000000007 
123015 1 28.3741066723149 -113.03244115773393 0.7379090000000007 
128534 1 -25.817303110809824 -109.98659726731329 0.7379090000000006 
128775 1 27.85732092904575 -106.77221257915441 0.7379090000000006 
134294 1 -23.76748536050144 -103.74115890607226 0.7379090000000007 
134535 1 29.892083053628102 -100.48700604277832 0.7379090000000007 
140054 1 -24.260201791508393 -97.49869025556897 0.7379090000000006 
140295 1 29.404827317392563 -94.193305760766 0.7379090000000006 
145814 1 -24.743943159951204 -91.24622435836892 0.7379090000000006 
146055 1 28.93907711165732 -87.92081758781642 0.7379090000000006 
151574 1 -25.23671951702777 -84.98313698645633 0.7379090000000005 
151815 1 28.453393205980753 -81.67087129763557 0.7379090000000005 
157334 1 -25.74502793309807 -78.72254371037143 0.7379090000000004 
157575 1 27.93103575781144 -75.41539669271705 0.7379090000000004 
163094 1 -23.697740550719104 -72.4730143082935 0.7379090000000005 
163335 1 29.964076070721806 -69.13334982949463 0.7379090000000005 
168854 1 -24.19210576371092 -66.22623420038512 0.7379090000000004 
169095 1 29.476490669345555 -62.845288136060326 0.7379090000000004 
174614 1 -24.67822598436712 -59.96900152220295 0.7379090000000004 
174855 1 29.00824679811272 -56.579276324884916 0.7379090000000004 
180374 1 -25.174149508670137 -53.70193554551597 0.7379090000000003 
180615 1 28.5178549013163 -50.3343800055609 0.7379090000000003 
186134 1 -23.128699349977023 -47.438537381830066 0.7379090000000004 
186375 1 30.548172730064067 -44.081451336940525 0.7379090000000004 
191894 1 -23.638366482729303 -41.186315211469285 0.7379090000000003 
192135 1 30.025263301274013 -37.80187278242779 0.7379090000000003 
197654 1 -24.132930872836344 -34.93585660378542 0.7379090000000001 
197895 1 29.53881306242958 -31.518354201696013 0.7379090000000001 
203414 1 -24.620144118347284 -28.674730198739617 0.7379090000000001 
203655 1 29.06930869663493 -25.258021118711724 0.7379090000000001 
209174 1 -25.11797031480559 -22.40440577168833 0.737909 
209415 1 28.57546909573725 -19.017267569796413 0.737909 
214934 1 -23.07368386080843 -16.138678561396418 0.7379090000000001 
215175 1 30.603728250781558 -12.766059928380862 0.7379090000000001 
220694 1 -23.58290736967103 -9.884215810106559 0.737909 
220935 1 30.082434605803805 -6.488665601999011 0.737909 
226454 1 -24.076629434390213 -3.630473348162344 0.7379089999999999 
226695 1 29.59815121625155 -0.20959844771575725 0.7379089999999999 
232214 1 -24.5640077357059 2.6344737861007967 0.7379089999999999 
232455 1 29.12824983947582 6.0454937871828225 0.7379089999999999 
237974 1 -25.062739317712317 8.907813892711753 0.7379089999999998 
238215 1 28.631975561924364 12.28237589190894 0.7379089999999998 
243734 1 -23.018512910995042 15.175699112259869 0.7379089999999999 
243975 1 30.65946958526271 18.53189393175009 0.7379089999999999 
249494 1 -23.52622284696433 21.432579394351603 0.7379089999999997 
249735 1 30.14101172865769 24.806954548003006 0.7379089999999998 
255254 1 -24.01814040646796 27.68990350679441 0.7379089999999997 
255495 1 29.659837141142084 31.081337552035276 0.7379089999999997 
261014 1 -24.50473217187255 33.95888623329202 0.7379089999999997 
261255 1 29.190426852394797 37.33090760750411 0.7379089999999996 
266774 1 -25.003293414049764 40.23549551596213 0.7379089999999996 
267015 1 28.69282371785237 43.563659230265934 0.7379089999999996 
272534 1 -22.957891195034144 46.50596153044871 0.7379089999999997 
272775 1 30.720991364588183 49.81103729932722 0.7379089999999997 
278294 1 -23.46282442666653 52.76600403842956 0.7379089999999995 
278535 1 30.206779074339476 56.08308158301131 0.7379089999999996 
284054 1 -23.951685951543574 59.02750990008912 0.7379089999999995 
284295 1 29.729947895424353 62.35172708136981 0.7379089999999995 
289814 1 -24.436175331159312 65.30127161159103 0.7379089999999995 
290055 1 29.262296443936933 68.59484444877944 0.7379089999999994 
295574 1 -24.93303562177155 71.58207364700085 0.7379089999999994 
295815 1 28.7649530372241 74.82260825190373 0.7379089999999993 
301334 1 -22.884661452379163 77.85618353890314 0.7379089999999995 
301575 1 30.795817240595856 81.06664992645808 0.7379089999999995 
307094 1 -23.384867015294073 84.12060084100158 0.7379089999999993 
307335 1 30.287954361324854 87.3339813238768 0.7379089999999994 
312854 1 -23.868627276835902 90.38786564523043 0.7379089999999993 
313095 1 29.817507404045777 93.59523668176855 0.7379089999999993 
318614 1 -24.34871254635315 96.66799005965545 0.7379089999999993 
318855 1 29.35388886151844 99.8301007873609 0.7379089999999991 
324374 1 -24.841142534766693 102.95472543277474 0.7379089999999991 
324615 1 28.859619166205473 106.05096089766275 0.737908999999999 
330134 1 -22.786542371900104 109.23410158832415 0.7379089999999993 
330375 1 30.896673764125858 112.28896690953452 0.7379089999999993 
335894 1 -23.278421611139112 115.50584163884331 0.737908999999999 
336135 1 30.39889298031554 118.5494080634468 0.7379089999999991 
341654 1 -23.752950793268877 121.78114384454489 0.737908999999999 
341895 1 29.938924268370116 124.79996985320128 0.737908999999999 
347414 1 -24.223887662044618 128.0709828861034 0.737908999999999 
347655 1 29.484003573162894 131.0240481801841 0.7379089999999989 
353174 1 -24.70612218815105 134.36630382635647 0.7379089999999989 
353415 1 28.998566319731694 137.2343944536462 0.7379089999999988 
358934 1 -22.63846213459739 140.65458927262898 0.7379089999999991 
359175 1 31.048712834968068 143.4630290520799 0.737908999999999 
364694 1 -23.113898324693224 146.93654346482182 0.7379089999999989 
364935 1 30.56897733452166 149.7118207124919 0.7379089999999989 
370454 1 -23.569716053396906 153.22371459464176 0.7379089999999989 
370695 1 30.128499024687216 155.947760801658 0.7379089999999988 
376214 1 -24.01998028651115 159.52499505155765 0.7379089999999989 
376455 1 29.693073217826484 162.15541611077956 0.7379089999999988 
381974 1 -24.478242506891828 165.83311763882114 0.7379089999999988 
382215 1 29.229291432621782 168.35283468588622 0.7379089999999987 
387734 1 -22.38062714831099 172.1324635771204 0.737908999999999 
387975 1 31.308083101186327 174.5688641831607 0.7379089999999989 
393494 1 -22.819013117161372 178.42436132336607 0.7379089999999988 
393735 1 30.864783902346126 180.80282776974957 0.7379089999999988 
399254 1 -23.230979074494226 184.7226355107309 0.7379089999999988 
399495 1 30.465537155892353 187.0251826848058 0.7379089999999987 
405014 1 -23.629092989708344 191.03063707122334 0.7379089999999988 
405255 1 30.076254074813047 193.22113121914825 0.7379089999999987 
410774 1 -24.022870608198282 197.33905544463926 0.7379089999999987 
411015 1 29.668106320126746 199.4140165439712 0.7379089999999986 
416534 1 -21.8421459798505 203.63008947888673 0.7379089999999988 
416775 1 31.82030674142016 205.63520657010773 0.7379089999999988 
422294 1 -22.171716032312933 209.90394724684595 0.7379089999999988 
422535 1 31.47581431565329 211.88527203974854 0.7379089999999988 
428054 1 -22.44096011261711 216.17471818016924 0.7379089999999988 
428295 1 31.211123660411506 218.13790972667698 0.7379089999999987 
433814 1 -22.654733401059897 222.4514593337108 0.7379089999999988 
434055 1 31.00994826943385 224.37582383466304 0.7379089999999987 
439574 1 -22.825542122138234 228.73815446715543 0.7379089999999987 
439815 1 30.851387186043688 230.60009781788958 0.7379089999999986 
445334 1 -22.96466448948017 235.03398178738632 0.7379089999999986 
445575 1 30.721521012579462 236.81652472350095 0.7379089999999986 
451094 1 -23.0801189789181 241.33387372121024 0.7379089999999986 
451335 1 30.612287423427603 243.02755186371758 0.7379089999999986 
456399 1 -23.1774159600558 247.63612987116161 0.7379089999999986 
456600 1 30.518822421317534 249.2372684587568 0.7379089999999985 
