2798 1 -26.2858 -250.549 1.24584 
2959 1 27.5943 -244.903 1.20067 
7574 1 -26.3393 -244.285 1.23152 
7815 1 26.6976 -238.719 1.20309 
13334 1 -26.1952 -237.998 1.12848 
13575 1 28.2835 -232.162 1.20581 
19094 1 -26.1736 -231.759 1.14998 
19335 1 27.3056 -225.972 1.14223 
24854 1 -26.1048 -225.48 1.07527 
25095 1 26.3501 -219.791 1.12359 
30614 1 -25.9939 -219.251 1.0855 
30855 1 27.8833 -213.213 1.05754 
36374 1 -26.0553 -212.999 1.09621 
36615 1 26.9746 -207.018 1.03318 
42134 1 -25.8762 -206.713 0.986378 
42375 1 28.5313 -200.465 1.03725 
47894 1 -25.878 -200.489 1.03992 
48135 1 27.5461 -194.268 0.972935 
53654 1 -25.835 -194.206 0.972261 
53895 1 26.5977 -188.092 0.984715 
59414 1 -25.6769 -187.98 0.975085 
59655 1 28.1004 -181.511 0.912758 
65174 1 -25.7939 -181.735 1.01455 
65415 1 27.2238 -175.312 0.912538 
70934 1 -25.5346 -175.431 0.860123 
71175 1 28.7591 -168.771 0.932488 
76694 1 -25.5867 -169.217 0.95589 
76935 1 27.7868 -162.562 0.867601 
82454 1 -25.6099 -162.935 0.927911 
82695 1 26.862 -156.39 0.909405 
88214 1 -25.3438 -156.687 0.88117 
88455 1 28.3302 -149.803 0.819927 
93974 1 -25.5286 -150.444 0.96258 
94215 1 27.5021 -143.598 0.844688 
99734 1 -25.1358 -144.117 0.732968 
99975 1 28.983 -137.067 0.854792 
105494 1 -25.2818 -137.898 0.897793 
105735 1 28.0475 -130.841 0.801461 
111254 1 -25.4161 -131.628 0.958401 
111495 1 27.1586 -124.674 0.87773 
117014 1 -25.0071 -125.336 0.812453 
117255 1 28.557 -118.084 0.748569 
122774 1 -25.2647 -119.087 0.93993 
123015 1 27.7923 -111.874 0.807667 
128534 1 -24.719 -112.724 0.617043 
128775 1 29.1429 -105.355 0.745807 
134294 1 -24.9947 -106.507 0.867835 
134535 1 28.2949 -99.1274 0.753214 
140054 1 -25.2584 -100.22 1.03081 
140295 1 27.4736 -92.958 0.882672 
145814 1 -24.6912 -93.9152 0.768305 
146055 1 28.7629 -86.4002 0.685664 
151574 1 -25.0325 -87.6558 0.939334 
151815 1 28.0719 -80.1834 0.792955 
157334 1 -24.326 -81.2549 0.541356 
157575 1 29.2691 -73.7136 0.60715 
163094 1 -24.7189 -75.0529 0.854558 
163335 1 28.5504 -67.4734 0.722824 
168854 1 -25.1124 -68.7304 1.0982 
169095 1 27.8477 -61.2833 0.934816 
174614 1 -24.3501 -62.4382 0.741714 
174855 1 28.9979 -54.7907 0.637818 
180374 1 -24.7947 -56.1796 0.935586 
180615 1 28.3862 -48.5538 0.792286 
186134 1 -23.934 -49.7557 0.518927 
186375 1 29.4217 -42.182 0.477397 
191894 1 -24.4228 -43.5625 0.841834 
192135 1 28.837 -35.8877 0.692201 
197654 1 -24.9275 -37.2435 1.09617 
197895 1 28.2779 -29.6909 0.987545 
203414 1 -24.0081 -30.928 0.735854 
203655 1 29.2328 -23.248 0.587835 
209174 1 -24.5568 -24.6808 0.92112 
209415 1 28.7209 -16.9921 0.773479 
214934 1 -23.5597 -18.2308 0.546145 
215175 1 29.5625 -10.6878 0.398594 
220694 1 -24.1596 -12.0379 0.832067 
220935 1 29.1004 -4.35893 0.653036 
226454 1 -24.7806 -5.75628 1.03846 
226695 1 28.6486 1.83887 0.977941 
232214 1 -23.7454 0.632466 0.742456 
232455 1 29.423 8.25398 0.568169 
237974 1 -24.4131 6.86738 0.893624 
238215 1 29.0306 14.4939 0.807196 
243734 1 -23.2717 13.3409 0.655208 
243975 1 29.7134 20.8495 0.501829 
249494 1 -23.9689 19.5496 0.792092 
249735 1 29.3583 27.1322 0.677847 
255254 1 -24.7126 25.7889 0.862996 
255495 1 29.001 33.3307 0.970893 
261014 1 -23.4798 32.2847 0.716797 
261255 1 29.6567 39.7157 0.599685 
266774 1 -24.2408 38.503 0.792412 
267015 1 29.3758 45.9592 0.795613 
272534 1 -22.9498 45.0443 0.666584 
272775 1 29.9219 52.2936 0.554195 
278294 1 -23.7228 51.2335 0.762661 
278535 1 29.6593 58.5561 0.682074 
284054 1 -24.5853 57.4725 0.739688 
284295 1 29.4302 64.7713 0.902862 
289814 1 -23.1941 64.001 0.714558 
290055 1 29.9221 71.1158 0.624157 
295574 1 -24.0404 70.2159 0.738032 
295815 1 29.7384 77.355 0.756011 
301334 1 -22.6446 76.7698 0.677867 
301575 1 30.1381 83.6566 0.600754 
307094 1 -23.4805 82.9529 0.746189 
307335 1 29.96 89.9159 0.661391 
312854 1 -24.4119 89.1851 0.687314 
313095 1 29.8532 96.1277 0.798062 
318614 1 -22.9386 95.7294 0.701523 
318855 1 30.1699 102.441 0.6238 
324374 1 -23.8473 101.938 0.693826 
324615 1 30.066 108.678 0.700867 
330134 1 -22.382 108.498 0.665638 
330375 1 30.3423 114.952 0.611844 
335894 1 -23.2633 114.684 0.706988 
336135 1 30.2415 121.226 0.620325 
341654 1 -24.22 120.904 0.645038 
341895 1 30.2011 127.438 0.714425 
347414 1 -22.6948 127.463 0.661131 
347655 1 30.4229 133.729 0.597983 
353174 1 -23.636 133.664 0.640094 
353415 1 30.3831 139.974 0.640057 
358934 1 -22.1145 140.228 0.628446 
359175 1 30.5828 146.235 0.58602 
364694 1 -23.0223 146.416 0.649024 
364935 1 30.542 152.51 0.565497 
370454 1 -23.9832 152.623 0.597662 
370695 1 30.5389 158.731 0.630699 
376214 1 -22.4344 159.188 0.602314 
376455 1 30.7005 165.004 0.551619 
381974 1 -23.3938 165.382 0.576266 
382215 1 30.7049 171.254 0.566341 
387734 1 -21.8498 171.946 0.563654 
387975 1 30.8462 177.51 0.530903 
393494 1 -22.7784 178.134 0.565436 
393735 1 30.8458 183.781 0.496465 
399254 1 -23.7438 184.334 0.518424 
399495 1 30.8626 190.012 0.53701 
405014 1 -22.1902 190.899 0.504301 
405255 1 30.9842 196.275 0.483505 
410774 1 -23.159 197.09 0.469666 
411015 1 31.0171 202.527 0.481242 
416534 1 -21.6024 203.652 0.443978 
416775 1 31.1296 208.784 0.452938 
422294 1 -22.5373 209.842 0.423041 
422535 1 31.1569 215.051 0.417172 
428054 1 -23.486 216.039 0.371843 
428295 1 31.1921 221.292 0.443144 
433814 1 -21.9013 222.604 0.340915 
434055 1 31.305 227.556 0.398026 
439574 1 -22.8292 228.795 0.299646 
439815 1 31.3512 233.816 0.384546 
445334 1 -21.1875 235.36 0.285666 
445575 1 31.4518 240.086 0.343287 
451094 1 -22.0268 241.555 0.279804 
451335 1 31.441 246.371 0.287744 
456399 1 -22.8587 247.755 0.273358 
456600 1 31.3815 252.621 0.303996 
