2798 1 -27.84875662609578 -248.02055705852993 0.7379090000000027 
2959 1 25.87075903907512 -244.17315754207794 0.7379090000000029 
7574 1 -28.348204499549457 -241.79261764367982 0.7379090000000026 
7815 1 25.373123111125974 -237.87144526825696 0.7379090000000027 
13334 1 -26.388110771758733 -235.57045328678126 0.7379090000000027 
13575 1 27.316347586022307 -231.55972414971296 0.7379090000000029 
19094 1 -27.065089962380718 -229.36127164423772 0.7379090000000027 
19335 1 26.619537757154355 -225.22492927413865 0.7379090000000027 
24854 1 -27.803909328881982 -223.16593130207804 0.7379090000000025 
25095 1 25.864530609258097 -218.87775362912083 0.7379090000000027 
30614 1 -26.03352380284162 -216.97879572318192 0.7379090000000027 
30855 1 27.622195455138012 -212.5194808391445 0.7379090000000029 
36374 1 -26.854408546642595 -210.7968651980006 0.7379090000000025 
36615 1 26.795225188661494 -206.16011401336877 0.7379090000000027 
42134 1 -25.147456057694043 -204.61543597659403 0.7379090000000026 
42375 1 28.497245616558217 -199.80291207143267 0.7379090000000028 
47894 1 -26.01908162842206 -198.4314772856333 0.7379090000000025 
48135 1 27.62417032207017 -193.44634821276486 0.7379090000000026 
53654 1 -26.908887093753158 -192.24472657035483 0.7379090000000023 
53895 1 26.73463092795714 -187.09800123706282 0.7379090000000025 
59414 1 -25.257937740124653 -186.0539654758224 0.7379090000000025 
59655 1 28.385366567625184 -180.7534899247814 0.7379090000000026 
65174 1 -26.175556502413027 -179.85742134299107 0.7379090000000023 
65415 1 27.470388154662743 -174.4143611011119 0.7379090000000025 
70934 1 -24.54783660689713 -173.65693027511455 0.7379090000000024 
71175 1 29.098953215981155 -168.08284426788293 0.7379090000000026 
76694 1 -25.48501728261254 -167.45202427923775 0.7379090000000023 
76935 1 28.16407895127485 -161.75502003167605 0.7379090000000024 
82454 1 -26.429917125260303 -161.24124034852701 0.737909000000002 
82695 1 27.22162986613411 -155.4337725400949 0.7379090000000021 
88214 1 -24.825189896306302 -155.02747851139878 0.7379090000000023 
88455 1 28.827396714126664 -149.1166992776272 0.7379090000000023 
93974 1 -25.781926598107354 -148.80864363059283 0.737909000000002 
94215 1 27.873849309268085 -142.80391631337307 0.737909000000002 
99734 1 -24.187467466064106 -142.58700717138584 0.7379090000000021 
99975 1 29.469224329978587 -136.49714500464913 0.7379090000000021 
105494 1 -25.153044760190582 -136.36227339076675 0.7379090000000019 
105735 1 28.505822651981255 -130.19248062736725 0.7379090000000019 
111254 1 -26.122327251096777 -130.13305678120736 0.7379090000000017 
111495 1 27.53858846669428 -123.89272869297581 0.7379090000000017 
117014 1 -24.538588453359587 -123.90226399391193 0.7379090000000018 
117255 1 29.122947911948174 -117.59546282903939 0.7379090000000018 
122774 1 -25.513329208686663 -117.66870919646458 0.7379090000000016 
123015 1 28.1508994668888 -111.3020445406983 0.7379090000000016 
128534 1 -23.934791823769903 -111.43162769092851 0.7379090000000017 
128775 1 29.72981386424026 -105.01109322931003 0.7379090000000017 
134294 1 -24.91408552932781 -105.19358743924042 0.7379090000000015 
134535 1 28.752243829635795 -98.72198984984222 0.7379090000000015 
140054 1 -25.895272944158137 -98.95271245890285 0.7379090000000013 
140295 1 27.772574681438098 -92.43719408084898 0.7379090000000013 
145814 1 -24.322087084395527 -92.71022678292906 0.7379090000000014 
146055 1 29.34596288661032 -86.15273221273728 0.7379090000000014 
151574 1 -25.30609929327597 -86.46582005408092 0.7379090000000011 
151815 1 28.364222624697945 -79.8712272828109 0.737909000000001 
157334 1 -23.735547087272213 -80.21976375798623 0.7379090000000013 
157575 1 29.934740684583797 -73.59231874661924 0.7379090000000013 
163094 1 -24.72200560647698 -73.97232589183837 0.7379090000000009 
163335 1 28.949705917001697 -67.31342978761299 0.737909000000001 
168854 1 -25.70943700827609 -67.72315943168141 0.7379090000000008 
169095 1 27.963427746722058 -61.0386439371239 0.7379090000000008 
174614 1 -24.141733066537277 -61.472827455566794 0.7379090000000009 
174855 1 29.531086417413032 -54.76342115785975 0.7379090000000009 
180374 1 -25.130554565094 -55.22103302972264 0.7379090000000007 
180615 1 28.544280917583563 -48.49069854936293 0.7379090000000006 
186134 1 -23.564204763739063 -48.96801941274538 0.7379090000000008 
186375 1 30.110348602586974 -42.21999604156731 0.7379090000000008 
191894 1 -24.554299498972114 -42.71397529720455 0.7379090000000005 
192135 1 29.12153045273212 -35.948959840157485 0.7379090000000006 
197654 1 -25.5448965896997 -36.458417673628965 0.7379090000000004 
197895 1 28.13186653420222 -29.681551723518016 0.7379090000000004 
203414 1 -23.97984668059751 -30.202170073292258 0.7379090000000005 
203655 1 29.696762262134268 -23.413548081558098 0.7379090000000005 
209174 1 -24.970915108235417 -23.944572679664414 0.7379090000000003 
209415 1 28.70758063419965 -17.147769189598172 0.7379090000000001 
214934 1 -23.406427484195845 -17.685859790719764 0.7379090000000004 
215175 1 30.271661642022867 -10.88359467968185 0.7379090000000004 
220694 1 -24.397961077675223 -11.426436900232819 0.737909 
220935 1 29.281371336238262 -4.619158988395123 0.7379090000000001 
226454 1 -25.389656344010316 -5.16558030638665 0.7379089999999999 
226695 1 28.29049781333045 1.6418409858216931 0.7379089999999999 
232214 1 -23.82535163299692 1.0959749585529597 0.737909 
232455 1 29.854645135780526 7.9036783182244745 0.7379089999999999 
237974 1 -24.816813909102482 7.35874168877054 0.7379089999999998 
238215 1 28.86503839939282 14.163165302959731 0.7379089999999997 
243734 1 -23.25238913454424 13.622627378356787 0.7379089999999999 
243975 1 30.429031230336193 20.42120961558295 0.7379089999999999 
249494 1 -24.243631042657395 19.887224662535022 0.7379089999999996 
249735 1 29.439093334246138 26.67941143602806 0.7379089999999997 
255254 1 -25.234719814218654 26.153353885798747 0.7379089999999995 
255495 1 28.448808595282507 32.93420903759393 0.7379089999999995 
261014 1 -23.66944282929866 32.4202484747674 0.7379089999999996 
261255 1 30.0140203505884 39.18979850895117 0.7379089999999995 
266774 1 -24.6595661308149 38.68837361863978 0.7379089999999994 
267015 1 29.025813740341146 45.442730196070876 0.7379089999999993 
272534 1 -23.093437908016575 44.9578017072214 0.7379089999999995 
272775 1 30.591583078753125 51.69421425206099 0.7379089999999995 
278294 1 -24.08258487963312 51.228228646860536 0.7379089999999991 
278535 1 29.603898752805296 57.94567700543809 0.7379089999999993 
284054 1 -25.071144013029574 57.50019648286304 0.737908999999999 
284295 1 28.61622833943542 64.1933119248831 0.737908999999999 
289814 1 -23.502884430327832 63.77327758338035 0.7379089999999991 
290055 1 30.18462348988736 70.4415797014533 0.737908999999999 
295574 1 -24.489545595689247 70.04789939525496 0.7379089999999989 
295815 1 29.200050712728856 76.6867627357115 0.7379089999999988 
301334 1 -22.919420972827297 76.32415291052996 0.737908999999999 
301575 1 30.770010696923876 82.93019665117254 0.737908999999999 
307094 1 -23.903970956773495 82.60181359342931 0.7379089999999987 
307335 1 29.787207036245537 89.1730733074496 0.7379089999999988 
312854 1 -24.887296219092306 88.88146281278664 0.7379089999999986 
313095 1 28.804989302041072 95.41162716774006 0.7379089999999986 
318614 1 -23.313053499424353 95.16273431705217 0.7379089999999987 
318855 1 30.379712259497996 101.65025191274017 0.7379089999999986 
324374 1 -24.292917715568553 101.44614087977685 0.7379089999999985 
324615 1 29.402256846927347 107.8850414734345 0.7379089999999984 
330134 1 -22.714998541056776 107.73141774105494 0.7379089999999986 
330375 1 30.980366424143405 114.1170265067854 0.7379089999999986 
335894 1 -23.690832065162382 114.01985529812772 0.7379089999999983 
336135 1 30.00672683523509 120.3485225827155 0.7379089999999984 
341654 1 -24.66409205242415 120.31019631726798 0.7379089999999981 
341895 1 29.034961810590946 126.57388612919488 0.7379089999999981 
347414 1 -23.078489194961026 126.60397770149235 0.7379089999999983 
347655 1 30.62155862635967 132.7991896814023 0.7379089999999981 
353174 1 -24.045218425863105 132.9000181994917 0.737908999999998 
353415 1 29.65771489869911 139.0185202863769 0.7379089999999979 
358934 1 -22.452285418906044 139.199331636417 0.7379089999999981 
359175 1 31.25133296040651 145.23416086733604 0.7379089999999981 
364694 1 -23.410829455934703 145.50303782602074 0.7379089999999978 
364935 1 30.29552706828097 151.4478280396555 0.7379089999999979 
370454 1 -24.364145565473134 151.80994507735772 0.7379089999999978 
370695 1 29.344124359283136 157.6538926596889 0.7379089999999977 
376214 1 -22.755250570455896 158.12065739100646 0.7379089999999979 
376455 1 30.954450874308744 163.85732591968184 0.7379089999999977 
381974 1 -23.69521344380448 164.4370568802068 0.7379089999999977 
382215 1 30.01760478998155 170.05503531876786 0.7379089999999975 
387734 1 -22.07081466455211 170.75706845955483 0.7379089999999978 
387975 1 31.642688307735966 176.2465008837294 0.7379089999999977 
393494 1 -22.9922493726304 177.0816939632185 0.7379089999999976 
393735 1 30.72365967901627 182.43334913666 0.7379089999999976 
399254 1 -23.902125645235248 183.41242682533553 0.7379089999999976 
399495 1 29.814687950106904 188.61328947517742 0.7379089999999974 
405014 1 -22.24151686008794 189.74626612293073 0.7379089999999977 
405255 1 31.474936140736194 194.78878097266124 0.7379089999999975 
410774 1 -23.119779379048317 196.08515713546416 0.7379089999999975 
411015 1 30.596635877451085 200.95845018661768 0.7379089999999973 
416534 1 -21.421219851917687 202.42547037202746 0.7379089999999976 
416775 1 32.290874148179725 207.1233193010058 0.7379089999999975 
422294 1 -22.25261490434074 208.7659634070745 0.7379089999999974 
422535 1 31.45431136208731 213.2869987037855 0.7379089999999974 
428054 1 -23.051680175245014 215.10489860635474 0.7379089999999974 
428295 1 30.645005592835023 219.4506916344211 0.7379089999999972 
433814 1 -21.25217217184937 221.43520959256352 0.7379089999999975 
434055 1 32.42903222370623 225.62180899112894 0.7379089999999974 
439574 1 -21.952461105973214 227.75385982497713 0.7379089999999974 
439815 1 31.710446496219333 231.80437701592663 0.7379089999999972 
445334 1 -20.022819405875328 234.05919960274292 0.7379089999999975 
445575 1 33.620158093667925 238.0077913909288 0.7379089999999974 
451094 1 -20.556710770204717 240.35374454660496 0.7379089999999974 
451335 1 33.08079337481799 244.2275137263004 0.7379089999999974 
456399 1 -20.992684372361314 246.65138419597233 0.7379089999999974 
456600 1 32.65810115086738 250.44098749710236 0.7379089999999972 
