2798 1 -25.1832 -248.151 1.13837 
2959 1 28.6578 -244.902 1.1832 
7574 1 -25.349 -241.917 1.18322 
7815 1 28.3375 -238.638 1.16968 
13334 1 -25.513 -235.666 1.22937 
13575 1 28.0178 -232.38 1.17356 
19094 1 -25.659 -229.399 1.29282 
19335 1 27.655 -226.132 1.19841 
24854 1 -24.803 -223.06 0.773336 
25095 1 29.2368 -219.736 0.933614 
30614 1 -25.0144 -216.869 0.957917 
30855 1 28.8336 -213.472 0.93066 
36374 1 -25.1721 -210.637 1.04318 
36615 1 28.517 -207.216 0.957368 
42134 1 -25.3439 -204.384 1.10671 
42375 1 28.2056 -200.962 0.994802 
47894 1 -25.5049 -198.109 1.18333 
48135 1 27.8576 -194.717 1.05748 
53654 1 -24.6286 -191.763 0.662716 
53895 1 29.3105 -188.367 0.711133 
59414 1 -24.8468 -185.57 0.859866 
59655 1 28.9656 -182.087 0.780742 
65174 1 -25.0216 -179.335 0.949941 
65415 1 28.6619 -175.824 0.83718 
70934 1 -25.2108 -173.075 1.02058 
71175 1 28.362 -169.569 0.893687 
76694 1 -25.3924 -166.789 1.10988 
76935 1 28.0302 -163.328 0.979483 
82454 1 -24.4607 -160.44 0.575553 
82695 1 29.3942 -157.012 0.580968 
88214 1 -24.6853 -154.249 0.78474 
88455 1 29.0879 -150.714 0.691442 
93974 1 -24.8812 -148.014 0.881482 
94215 1 28.7967 -144.444 0.765295 
99734 1 -25.0884 -141.748 0.959 
99975 1 28.5082 -138.187 0.833501 
105494 1 -25.2938 -135.452 1.06071 
105735 1 28.1903 -131.948 0.93265 
111254 1 -24.2738 -129.103 0.515088 
111495 1 29.5176 -125.648 0.515643 
117014 1 -24.4966 -122.914 0.734212 
117255 1 29.2317 -119.341 0.643522 
122774 1 -24.7189 -116.68 0.835388 
123015 1 28.9524 -113.067 0.725189 
128534 1 -24.944 -110.413 0.916777 
128775 1 28.6755 -106.808 0.799139 
134294 1 -25.171 -104.115 1.02357 
134535 1 28.3747 -100.574 0.908747 
140054 1 -24.0801 -97.7629 0.481264 
140295 1 29.644 -94.292 0.463635 
145814 1 -24.3043 -91.572 0.70207 
146055 1 29.3796 -87.9747 0.607504 
151574 1 -24.5505 -85.3365 0.803007 
151815 1 29.1138 -81.6947 0.696918 
157334 1 -24.7914 -79.0693 0.884027 
157575 1 28.8507 -75.4356 0.774922 
163094 1 -25.0365 -72.7717 0.990659 
163335 1 28.5722 -69.2079 0.895655 
168854 1 -23.8959 -66.4155 0.457222 
169095 1 29.76 -62.9414 0.422694 
174614 1 -24.1284 -60.2217 0.675143 
174855 1 29.5146 -56.616 0.579642 
180374 1 -24.3943 -53.9839 0.773661 
180615 1 29.265 -50.3297 0.676569 
186134 1 -24.6498 -47.7178 0.853722 
186375 1 29.0179 -44.0693 0.75922 
191894 1 -24.9124 -41.4246 0.95831 
192135 1 28.7646 -37.8468 0.889769 
197654 1 -23.7186 -35.0625 0.441835 
197895 1 29.868 -31.5882 0.405395 
203414 1 -23.9646 -28.8646 0.655687 
203655 1 29.6364 -25.2598 0.569197 
209174 1 -24.2487 -22.6246 0.751862 
209415 1 29.4052 -18.9708 0.67069 
214934 1 -24.5178 -16.361 0.830667 
215175 1 29.1754 -12.7098 0.756249 
220694 1 -24.7979 -10.0755 0.931197 
220935 1 28.9475 -6.48914 0.890608 
226454 1 -23.5354 -3.70469 0.445066 
226695 1 29.9714 -0.232457 0.408404 
232214 1 -23.8048 2.49936 0.649877 
232455 1 29.7526 6.09434 0.569668 
237974 1 -24.1062 8.74247 0.742215 
238215 1 29.5397 12.3821 0.66904 
243734 1 -24.3882 15.0028 0.817138 
243975 1 29.3265 18.6425 0.752908 
249494 1 -24.6863 21.2776 0.907719 
249735 1 29.1218 24.8644 0.884106 
255254 1 -23.334 27.6617 0.468774 
255495 1 30.0748 31.123 0.412766 
261014 1 -23.6428 33.8734 0.651317 
261255 1 29.8712 37.445 0.564272 
266774 1 -23.9606 40.1191 0.736404 
267015 1 29.6751 43.7286 0.657369 
272534 1 -24.2549 46.3761 0.803859 
272775 1 29.4776 49.9876 0.737428 
278294 1 -24.57 52.6399 0.878092 
278535 1 29.2942 56.2126 0.862502 
284054 1 -23.116 59.0423 0.499864 
284295 1 30.1807 62.4757 0.412266 
289814 1 -23.4771 65.2594 0.647819 
290055 1 29.9976 68.7897 0.549916 
295574 1 -23.8085 71.506 0.723353 
295815 1 29.8176 75.0671 0.635825 
301334 1 -24.1139 77.7599 0.782032 
301575 1 29.6358 81.3242 0.712352 
307094 1 -24.4441 84.0165 0.838742 
307335 1 29.4737 87.5535 0.829424 
312854 1 -22.8959 90.4405 0.522044 
313095 1 30.2869 93.8235 0.413725 
318614 1 -23.307 96.6568 0.636134 
318855 1 30.1322 100.125 0.530831 
324374 1 -23.6506 102.902 0.702152 
324615 1 29.9682 106.395 0.608191 
330134 1 -23.9656 109.154 0.753745 
330375 1 29.8017 112.649 0.680832 
335894 1 -24.3094 115.408 0.795966 
336135 1 29.6617 118.884 0.786732 
341654 1 -22.6967 121.848 0.523176 
341895 1 30.3786 125.165 0.427293 
347414 1 -23.1417 128.061 0.613723 
347655 1 30.2653 131.448 0.509122 
353174 1 -23.4948 134.304 0.671013 
353415 1 30.1178 137.708 0.572901 
358934 1 -23.8187 140.554 0.71624 
359175 1 29.9668 143.958 0.637887 
364694 1 -24.1739 146.808 0.748636 
364935 1 29.8476 150.199 0.727084 
370454 1 -22.5297 153.258 0.496325 
370695 1 30.4411 156.488 0.447103 
376214 1 -22.995 159.47 0.569773 
376455 1 30.3833 162.754 0.474431 
381974 1 -23.3577 165.713 0.615555 
382215 1 30.2527 169.005 0.520011 
387734 1 -23.691 171.966 0.649399 
387975 1 30.1165 175.251 0.575023 
393494 1 -24.0598 178.224 0.664191 
393735 1 30.0126 181.492 0.648886 
399254 1 -22.3704 184.685 0.435737 
399495 1 30.5154 187.775 0.429081 
405014 1 -22.8558 190.902 0.482112 
405255 1 30.5015 194.038 0.414708 
410774 1 -23.2286 197.154 0.503591 
411015 1 30.3869 200.284 0.448526 
416534 1 -23.5713 203.421 0.507446 
416775 1 30.2635 206.523 0.501807 
422294 1 -23.9607 209.706 0.469985 
422535 1 30.163 212.753 0.587465 
428054 1 -22.0776 216.159 0.326749 
428295 1 30.8057 219.031 0.270923 
433814 1 -22.5462 222.385 0.334421 
434055 1 30.7488 225.291 0.30688 
439574 1 -22.8896 228.631 0.331999 
439815 1 30.6347 231.536 0.345949 
445334 1 -23.1793 234.889 0.323063 
445575 1 30.4968 237.779 0.380299 
451094 1 -23.4558 241.152 0.312272 
451335 1 30.3546 244.019 0.413148 
456399 1 -23.7586 247.414 0.29778 
456600 1 30.217 250.249 0.453973 
