2798 1 -26.0256 -249.997 1.22701 
2959 1 27.9079 -244.74 1.2033 
7574 1 -26.1527 -243.754 1.24976 
7815 1 27.1767 -238.532 1.2021 
13334 1 -26.1296 -237.461 1.15892 
13575 1 26.3921 -232.344 1.21684 
19094 1 -25.9159 -231.223 1.11608 
19335 1 28.0545 -225.798 1.14172 
24854 1 -26.0235 -224.982 1.15792 
25095 1 27.2945 -219.574 1.10089 
30614 1 -25.9992 -218.691 1.0844 
30855 1 26.4836 -213.387 1.11566 
36374 1 -25.7735 -212.452 1.04784 
36615 1 28.0847 -206.841 1.0247 
42134 1 -25.8667 -206.206 1.08582 
42375 1 27.297 -200.626 1.0104 
47894 1 -25.554 -199.901 0.905528 
48135 1 28.9062 -194.113 1.00377 
53654 1 -25.6166 -193.692 1.00554 
53895 1 28.0545 -187.872 0.916266 
59414 1 -25.7684 -187.444 1.05262 
59655 1 27.324 -181.664 0.940707 
65174 1 -25.3997 -181.126 0.83526 
65415 1 28.9178 -175.162 0.939117 
70934 1 -25.4907 -174.911 0.959651 
71175 1 28.0633 -168.924 0.863904 
76694 1 -25.6279 -168.656 1.01261 
76935 1 27.3072 -162.73 0.912894 
82454 1 -25.1824 -162.355 0.8174 
82695 1 28.7982 -156.205 0.826388 
88214 1 -25.3607 -156.121 0.937812 
88455 1 28.08 -149.963 0.818615 
93974 1 -25.5547 -149.862 1.01449 
94215 1 27.3681 -143.773 0.890947 
99734 1 -25.0382 -143.543 0.776188 
99975 1 28.8139 -137.253 0.781415 
105494 1 -25.2441 -137.304 0.924723 
105735 1 28.1057 -131.021 0.803841 
111254 1 -25.4355 -131.024 1.03596 
111495 1 27.3499 -124.847 0.905008 
117014 1 -24.8753 -124.723 0.778058 
117255 1 28.7846 -118.301 0.728275 
122774 1 -25.1446 -118.473 0.918815 
123015 1 28.1656 -112.073 0.79604 
128534 1 -25.4081 -112.172 1.07458 
128775 1 27.4578 -105.893 0.921061 
134294 1 -24.7475 -105.879 0.75626 
134535 1 28.8478 -99.3633 0.705978 
140054 1 -25.0555 -99.63 0.915742 
140295 1 28.2589 -93.1296 0.789569 
145814 1 -25.3682 -93.3123 1.11186 
146055 1 27.6003 -86.9384 0.947641 
151574 1 -24.6247 -87.0234 0.762854 
151815 1 28.8947 -80.4416 0.673843 
157334 1 -24.9682 -80.7634 0.949218 
157575 1 28.31 -74.2081 0.800476 
163094 1 -24.121 -74.3655 0.499748 
163335 1 29.4912 -67.81 0.520466 
168854 1 -24.5098 -68.1811 0.79209 
169095 1 28.9339 -61.5303 0.669648 
174614 1 -24.9032 -61.9072 0.956919 
174855 1 28.4022 -55.2927 0.812634 
180374 1 -23.9886 -55.4987 0.511911 
180615 1 29.4979 -48.9444 0.468039 
186134 1 -24.4126 -49.3079 0.811732 
186375 1 28.9916 -42.6407 0.664873 
191894 1 -24.8541 -43.0185 0.994957 
192135 1 28.4884 -36.417 0.867015 
197654 1 -23.8611 -36.6571 0.623392 
197895 1 29.51 -30.0445 0.512277 
203414 1 -24.3403 -30.4429 0.823585 
203655 1 29.0573 -23.7487 0.680592 
209174 1 -24.8195 -24.1573 0.986368 
209415 1 28.6099 -17.5337 0.887861 
214934 1 -23.7516 -17.7744 0.646747 
215175 1 29.5373 -11.179 0.507842 
220694 1 -24.285 -11.5529 0.836948 
220935 1 29.1301 -4.88297 0.692891 
226454 1 -24.822 -5.2639 1.01556 
226695 1 28.7312 1.31022 0.994895 
232214 1 -23.6913 1.1045 0.694752 
232455 1 29.5805 7.71594 0.553107 
237974 1 -24.2447 7.33694 0.829231 
238215 1 29.2182 13.992 0.714942 
243734 1 -24.8343 13.6021 0.955589 
243975 1 28.8542 20.1823 1.00376 
249494 1 -23.6189 20.0217 0.706982 
249735 1 29.6355 26.5768 0.5718 
255254 1 -24.2249 26.2486 0.823287 
255495 1 29.3294 32.8381 0.748703 
261014 1 -22.8963 32.7613 0.581497 
261255 1 29.9873 39.1365 0.446687 
266774 1 -23.5876 38.9448 0.72713 
267015 1 29.721 45.4393 0.613372 
272534 1 -24.1972 45.1744 0.807037 
272775 1 29.4459 51.6902 0.762782 
278294 1 -22.7931 51.7164 0.617336 
278535 1 30.0122 57.9908 0.512008 
284054 1 -23.5371 57.8931 0.734029 
284295 1 29.8148 64.2723 0.635337 
289814 1 -24.2303 64.1251 0.772893 
290055 1 29.6047 70.5128 0.792896 
295574 1 -22.811 70.6463 0.658266 
295815 1 30.1229 76.8329 0.563695 
301334 1 -23.5142 76.8378 0.744152 
301575 1 29.9233 83.0932 0.648942 
307094 1 -24.22 83.0803 0.753646 
307335 1 29.742 89.3287 0.777515 
312854 1 -22.756 89.6081 0.666953 
313095 1 30.1803 95.6313 0.595934 
318614 1 -23.5053 95.8032 0.731842 
318855 1 30.0387 101.889 0.655022 
324374 1 -24.3541 102.045 0.67019 
324615 1 29.9515 108.106 0.786693 
330134 1 -22.7814 108.549 0.677687 
330375 1 30.3037 114.426 0.585864 
335894 1 -23.5065 114.76 0.719442 
336135 1 30.1475 120.679 0.638943 
341654 1 -24.3567 121.005 0.646974 
341895 1 30.0899 126.89 0.747053 
347414 1 -22.7581 127.521 0.660134 
347655 1 30.3867 133.197 0.583602 
353174 1 -23.5426 133.737 0.668944 
353415 1 30.2936 139.446 0.627633 
358934 1 -21.9521 140.288 0.598963 
359175 1 30.4954 145.683 0.617029 
364694 1 -22.7688 146.473 0.645475 
364935 1 30.5231 151.979 0.545122 
370454 1 -23.5365 152.698 0.637544 
370695 1 30.4242 158.22 0.592432 
376214 1 -21.9196 159.252 0.575015 
376455 1 30.5828 164.449 0.598943 
381974 1 -22.7573 165.445 0.60015 
382215 1 30.6441 170.737 0.523707 
387734 1 -23.5941 171.667 0.561466 
387975 1 30.6143 176.973 0.565929 
393494 1 -21.9632 178.198 0.536765 
393735 1 30.8077 183.233 0.509452 
399254 1 -22.7666 184.399 0.552172 
399495 1 30.7881 189.51 0.471271 
405014 1 -23.587 190.625 0.502995 
405255 1 30.7535 195.741 0.517955 
410774 1 -21.9455 197.161 0.467568 
411015 1 30.9202 201.993 0.476734 
416534 1 -22.7773 203.368 0.452787 
416775 1 30.9402 208.264 0.441091 
422294 1 -23.6412 209.585 0.388429 
422535 1 30.9765 214.497 0.478567 
428054 1 -21.9398 216.112 0.373285 
428295 1 31.1371 220.777 0.392095 
433814 1 -22.7187 222.326 0.34236 
434055 1 31.1123 227.043 0.380814 
439574 1 -23.5075 228.545 0.283526 
439815 1 31.1358 233.275 0.422421 
445334 1 -21.7158 235.073 0.284807 
445575 1 31.2919 239.564 0.321138 
451094 1 -22.4089 241.285 0.285225 
451335 1 31.2174 245.842 0.293518 
456399 1 -23.1 247.505 0.276336 
456600 1 31.1126 252.081 0.328261 
