2798 1 -26.7717839 -247.5698242 0.737909 
2959 1 26.9328366 -244.7193299 0.737909 
7574 1 -27.1054306 -241.3335877 0.737909 
7815 1 26.6104374 -238.4261933 0.737909 
13334 1 -27.516388 -235.0951233 0.737909 
13575 1 26.193882 -232.1394653 0.737909 
19094 1 -25.442873 -228.8660432 0.737909 
19335 1 28.2461167 -225.8335419 0.737909 
24854 1 -25.976902 -222.651825 0.737909 
25095 1 27.6968746 -219.5052796 0.737909 
30614 1 -26.5483856 -216.4432831 0.737909 
30855 1 27.1203823 -213.174408 0.737909 
36374 1 -27.1526051 -210.2394104 0.737909 
36615 1 26.506527 -206.8450318 0.737909 
42134 1 -25.2242432 -204.0397339 0.737909 
42375 1 28.4270497 -200.5057831 0.737909 
47894 1 -25.867571 -197.8378449 0.737909 
48135 1 27.7869396 -194.169632 0.737909 
53654 1 -26.5274487 -191.6324921 0.737909 
53895 1 27.1270981 -187.8463594 0.737909 
59414 1 -24.6456738 -185.4260865 0.737909 
59655 1 29.0036259 -181.5198517 0.737909 
65174 1 -25.3275623 -179.2163086 0.737909 
65415 1 28.3255291 -175.192749 0.737909 
70934 1 -26.0176487 -173.0012665 0.737909 
71175 1 27.6404705 -168.8807984 0.737909 
76694 1 -24.1619225 -166.7831879 0.737909 
76935 1 29.4924011 -162.5710144 0.737909 
82454 1 -24.866993 -160.562912 0.737909 
82695 1 28.7883702 -156.2558746 0.737909 
88214 1 -25.5750637 -154.3383484 0.737909 
88455 1 28.0873737 -149.9530182 0.737909 
93974 1 -26.2906513 -148.1086426 0.737909 
94215 1 27.3703442 -143.6565857 0.737909 
99734 1 -24.4540081 -141.879715 0.737909 
99975 1 29.2047539 -137.3546906 0.737909 
105494 1 -25.173727 -135.6475067 0.737909 
105735 1 28.4916783 -131.0582123 0.737909 
111254 1 -25.8980886 -129.4096222 0.737909 
111495 1 27.7690468 -124.771904 0.737909 
117014 1 -24.0706692 -123.1725159 0.737909 
117255 1 29.5921612 -118.4816895 0.737909 
122774 1 -24.7986069 -116.9343262 0.737909 
123015 1 28.8684216 -112.1902695 0.737909 
128534 1 -25.5283356 -110.6905823 0.737909 
128775 1 28.1433964 -105.9098282 0.737909 
134294 1 -23.7064953 -104.4467697 0.737909 
134535 1 29.9609242 -99.6299973 0.737909 
140054 1 -24.4405937 -98.2031632 0.737909 
140295 1 29.2274742 -93.3433991 0.737909 
145814 1 -25.1739369 -91.9559938 0.737909 
146055 1 28.5004921 -87.066185 0.737909 
151574 1 -25.9113866 -85.7065048 0.737909 
151815 1 27.7607517 -80.7941056 0.737909 
157334 1 -24.0937557 -79.458458 0.737909 
157575 1 29.5756188 -74.5138321 0.737909 
163094 1 -24.8300934 -73.2083893 0.737909 
163335 1 28.8453408 -68.2375412 0.737909 
168854 1 -25.5689526 -66.9550858 0.737909 
169095 1 28.107399 -61.9708406 0.737909 
174614 1 -23.7542649 -60.702694 0.737909 
174855 1 29.917263 -55.6975823 0.737909 
180374 1 -24.4933224 -54.4501839 0.737909 
180615 1 29.1820469 -49.4222145 0.737909 
186134 1 -25.2327652 -48.1941643 0.737909 
186375 1 28.4466763 -43.1578751 0.737909 
191894 1 -23.4195252 -41.9378738 0.737909 
192135 1 30.2551117 -36.8917618 0.737909 
197654 1 -24.1609993 -35.682869 0.737909 
197895 1 29.5140991 -30.6186295 0.737909 
203414 1 -24.9008236 -29.4249935 0.737909 
203655 1 28.7802506 -24.3544445 0.737909 
209174 1 -25.6439247 -23.1653271 0.737909 
209415 1 28.034399 -18.0943489 0.737909 
214934 1 -23.8310452 -16.9074936 0.737909 
215175 1 29.84441 -11.8253823 0.737909 
220694 1 -24.571415 -10.6481381 0.737909 
220935 1 29.1099491 -5.5604334 0.737909 
226454 1 -25.3137303 -4.3858028 0.737909 
226695 1 28.3681774 0.6956537 0.737909 
232214 1 -23.5017605 1.8751826 0.737909 
232455 1 30.1752319 6.9587408 0.737909 
237974 1 -24.2428932 8.1361475 0.737909 
238215 1 29.4379769 13.2238741 0.737909 
243734 1 -24.983965 14.4005928 0.737909 
243975 1 28.7007447 19.4783135 0.737909 
249494 1 -23.171732 20.6649037 0.737909 
249735 1 30.5080529 25.7347889 0.737909 
255254 1 -23.9135896 26.9280148 0.737909 
255495 1 29.7668247 31.9982586 0.737909 
261014 1 -24.6533547 33.1941338 0.737909 
261255 1 29.0329781 38.2527046 0.737909 
266774 1 -22.839674 39.461792 0.737909 
267015 1 30.8437862 44.5031472 0.737909 
272534 1 -23.581749 45.7277985 0.737909 
272775 1 30.0990715 50.762455 0.737909 
278294 1 -24.3203583 51.9956284 0.737909 
278535 1 29.3665238 57.0173492 0.737909 
284054 1 -25.0603981 58.2664375 0.737909 
284295 1 28.6269589 63.2632256 0.737909 
289814 1 -23.2454586 64.5361862 0.737909 
290055 1 30.4372044 69.5161133 0.737909 
295574 1 -23.9829292 70.8061981 0.737909 
295815 1 29.7039643 75.7702713 0.737909 
301334 1 -24.7197552 77.0801239 0.737909 
301575 1 28.9710408 82.013382 0.737909 
307094 1 -22.9025002 83.3543549 0.737909 
307335 1 30.7835884 88.2584381 0.737909 
312854 1 -23.6383991 89.6277466 0.737909 
313095 1 30.0488224 94.5095063 0.737909 
318614 1 -24.3714047 95.9048768 0.737909 
318855 1 29.3220215 100.7507859 0.737909 
324374 1 -22.5499859 102.1841278 0.737909 
324615 1 31.14081 106.98761 0.737909 
330134 1 -23.2830353 108.4620896 0.737909 
330375 1 30.4057236 113.2320099 0.737909 
335894 1 -24.0115089 114.7438355 0.737909 
336135 1 29.6838494 119.4717026 0.737909 
341654 1 -24.7399521 121.0285568 0.737909 
341895 1 28.9562264 125.7005539 0.737909 
347414 1 -22.9117832 127.3141632 0.737909 
347655 1 30.7803593 131.9362488 0.737909 
353174 1 -23.6339913 133.6004486 0.737909 
353415 1 30.0631599 138.1705933 0.737909 
358934 1 -24.3534584 139.891861 0.737909 
359175 1 29.3480988 144.392273 0.737909 
364694 1 -22.5163651 146.1860199 0.737909 
364935 1 31.1811218 150.6154785 0.737909 
370454 1 -23.2292385 152.4800873 0.737909 
370695 1 30.4702626 156.8417206 0.737909 
376214 1 -23.9357662 158.7796021 0.737909 
376455 1 29.7705097 163.0558929 0.737909 
381974 1 -22.0838394 165.0840759 0.737909 
382215 1 31.6202011 169.2648773 0.737909 
387734 1 -22.7812157 171.388443 0.737909 
387975 1 30.9213258 175.4785004 0.737909 
393494 1 -23.4679737 177.6974793 0.737909 
393735 1 30.241272 181.6838684 0.737909 
399254 1 -24.1478291 184.013092 0.737909 
399495 1 29.5616112 187.878479 0.737909 
405014 1 -22.2620545 190.3287506 0.737909 
405255 1 31.4422417 194.0763092 0.737909 
410774 1 -22.9162274 196.6476746 0.737909 
411015 1 30.7909088 200.2732697 0.737909 
416534 1 -23.5545349 202.9699402 0.737909 
416775 1 30.1528721 206.4564667 0.737909 
422294 1 -21.6196327 209.2911682 0.737909 
422535 1 32.0773315 212.6422272 0.737909 
428054 1 -22.2136326 215.6088867 0.737909 
428295 1 31.4759979 218.8372956 0.737909 
433814 1 -22.7732411 221.9218904 0.737909 
434055 1 30.909607 225.0279999 0.737909 
439574 1 -20.7362042 228.2256165 0.737909 
439815 1 32.927208 231.2276154 0.737909 
445334 1 -21.1968727 234.5159607 0.737909 
445575 1 32.4486313 237.4541779 0.737909 
451094 1 -21.5816708 240.7988281 0.737909 
451335 1 32.0649109 243.6897278 0.737909 
456399 1 -21.891491 247.0876617 0.737909 
456600 1 31.7692681 249.9132234 0.737909 
