2798 1 -25.3738 -248.719 1.11285 
2959 1 28.5294 -244.786 1.2087 
7574 1 -25.5676 -242.494 1.16664 
7815 1 28.1224 -238.527 1.18899 
13334 1 -25.763 -236.252 1.21751 
13575 1 27.7257 -232.278 1.18448 
19094 1 -25.9361 -229.996 1.28531 
19335 1 27.2742 -226.049 1.19611 
24854 1 -25.1395 -223.656 0.805837 
25095 1 29.0627 -219.611 1.1291 
30614 1 -25.359 -217.47 1.00827 
30855 1 28.4605 -213.327 1.01936 
36374 1 -25.5361 -211.241 1.10458 
36615 1 28.0167 -207.066 1.01591 
42134 1 -25.7104 -204.987 1.18445 
42375 1 27.5483 -200.831 1.04958 
47894 1 -24.9491 -198.641 0.726265 
48135 1 29.1882 -194.39 0.922753 
53654 1 -25.1736 -192.448 0.930821 
53895 1 28.6226 -188.121 0.87187 
59414 1 -25.3646 -186.21 1.02843 
59655 1 28.1939 -181.87 0.902871 
65174 1 -25.5573 -179.947 1.11577 
65415 1 27.7392 -175.634 0.96463 
70934 1 -24.7707 -173.592 0.647447 
71175 1 29.2603 -169.207 0.767341 
76694 1 -25.011 -167.4 0.863885 
76935 1 28.7499 -162.948 0.778044 
82454 1 -25.2214 -161.157 0.966879 
82695 1 28.3384 -156.699 0.832614 
88214 1 -25.436 -154.883 1.0654 
88455 1 27.9007 -150.462 0.914966 
93974 1 -24.6004 -148.522 0.579343 
94215 1 29.3292 -144.066 0.650748 
99734 1 -24.858 -142.332 0.809513 
99975 1 28.8685 -137.799 0.71446 
105494 1 -25.0911 -136.086 0.920557 
105735 1 28.4735 -131.548 0.787528 
111254 1 -25.3306 -129.801 1.03279 
111495 1 28.0529 -125.31 0.884863 
117014 1 -24.4164 -123.436 0.527534 
117255 1 29.4254 -118.941 0.578521 
122774 1 -24.6872 -117.249 0.769592 
123015 1 29.0021 -112.662 0.675914 
128534 1 -24.9475 -111.004 0.886721 
128775 1 28.6236 -106.406 0.760386 
134294 1 -25.2134 -104.712 1.0071 
134535 1 28.2215 -100.168 0.869201 
140054 1 -24.2214 -98.3436 0.494971 
140295 1 29.5343 -93.8272 0.519168 
145814 1 -24.5025 -92.1577 0.741512 
146055 1 29.1468 -87.5327 0.646325 
151574 1 -24.7921 -85.9125 0.860128 
151815 1 28.7856 -81.2708 0.740301 
157334 1 -25.0838 -79.6199 0.982195 
157575 1 28.405 -75.0338 0.860557 
163094 1 -24.0289 -73.2466 0.474512 
163335 1 29.6383 -68.7252 0.463061 
168854 1 -24.3242 -67.058 0.718911 
169095 1 29.2869 -62.4125 0.619025 
174614 1 -24.6407 -60.8124 0.83591 
174855 1 28.945 -56.1435 0.723241 
180374 1 -24.9569 -54.5232 0.955893 
180615 1 28.5904 -49.9103 0.855261 
186134 1 -23.8428 -48.1436 0.461465 
186375 1 29.7376 -43.6258 0.423216 
191894 1 -24.1575 -41.951 0.699312 
192135 1 29.4165 -37.2995 0.60009 
197654 1 -24.4985 -35.7053 0.812923 
197895 1 29.0967 -31.024 0.713004 
203414 1 -24.838 -29.4232 0.928035 
203655 1 28.7714 -24.7942 0.855007 
209174 1 -23.657 -23.0345 0.459229 
209415 1 29.8352 -18.523 0.406869 
214934 1 -23.999 -16.8364 0.686183 
215175 1 29.5379 -12.1905 0.593225 
220694 1 -24.3625 -10.5914 0.795096 
220935 1 29.242 -5.91136 0.710357 
226454 1 -24.7245 -4.31924 0.901602 
226695 1 28.9472 0.317208 0.856536 
232214 1 -23.4597 2.08317 0.476107 
232455 1 29.9326 6.58335 0.406691 
237974 1 -23.8434 8.28779 0.68224 
238215 1 29.6566 12.9156 0.590913 
243734 1 -24.228 14.5317 0.783838 
243975 1 29.3841 19.1951 0.706266 
249494 1 -24.6123 20.7926 0.87564 
249735 1 29.1178 25.4246 0.850442 
255254 1 -23.2457 27.2161 0.511367 
255495 1 30.0323 31.6913 0.41053 
261014 1 -23.6862 33.425 0.68285 
261255 1 29.7786 38.0189 0.584525 
266774 1 -24.0904 39.6668 0.773326 
267015 1 29.5282 44.2959 0.694648 
272534 1 -24.496 45.919 0.845067 
272775 1 29.2888 50.5279 0.833398 
278294 1 -23.0261 52.3698 0.54774 
278535 1 30.1353 56.7987 0.415602 
284054 1 -23.5239 58.576 0.679926 
284295 1 29.9088 63.1176 0.574267 
289814 1 -23.9452 64.8146 0.757743 
290055 1 29.6802 69.3901 0.678228 
295574 1 -24.371 71.0634 0.809073 
295815 1 29.4673 75.6256 0.810147 
301334 1 -22.8135 77.5386 0.5699 
301575 1 30.2425 81.903 0.427762 
307094 1 -23.3539 83.7377 0.672782 
307335 1 30.0503 88.2088 0.564239 
312854 1 -23.7904 89.9719 0.739953 
313095 1 29.8432 94.4756 0.660323 
318614 1 -24.2353 96.2213 0.775058 
318855 1 29.6569 100.715 0.78251 
324374 1 -22.6163 102.709 0.576047 
324615 1 30.3431 107.002 0.453445 
330134 1 -23.1822 108.903 0.661963 
330375 1 30.1953 113.29 0.554102 
335894 1 -23.6333 115.132 0.720784 
336135 1 30.009 119.55 0.637933 
341654 1 -24.0963 121.383 0.74371 
341895 1 29.8475 125.794 0.745189 
347414 1 -22.4427 127.875 0.567154 
347655 1 30.4177 132.087 0.492251 
353174 1 -23.0258 134.066 0.640811 
353415 1 30.3258 138.359 0.538453 
358934 1 -23.4921 140.295 0.690443 
359175 1 30.1582 144.612 0.604402 
364694 1 -23.9739 146.548 0.699659 
364935 1 30.0167 150.856 0.694373 
370454 1 -22.2892 153.042 0.54096 
370695 1 30.4847 157.141 0.511321 
376214 1 -22.8856 159.236 0.600993 
376455 1 30.4449 163.413 0.505847 
381974 1 -23.3666 165.466 0.637989 
382215 1 30.2952 169.663 0.555735 
387734 1 -23.8675 171.726 0.628303 
387975 1 30.1707 175.904 0.632617 
393494 1 -22.1301 178.217 0.495021 
393735 1 30.5844 182.177 0.486831 
399254 1 -22.7313 184.417 0.539535 
399495 1 30.5805 188.454 0.451285 
405014 1 -23.2251 190.649 0.562869 
405255 1 30.4483 194.703 0.490839 
410774 1 -23.7423 196.911 0.534888 
411015 1 30.3394 200.941 0.556952 
416534 1 -21.959 203.397 0.420503 
416775 1 30.7057 207.203 0.439654 
422294 1 -22.5605 209.603 0.446549 
422535 1 30.7315 213.485 0.380036 
428054 1 -23.0655 215.838 0.451491 
428295 1 30.6154 219.736 0.409872 
433814 1 -23.5944 222.1 0.402203 
434055 1 30.518 225.972 0.466339 
439574 1 -21.7709 228.582 0.296811 
439815 1 30.8662 232.23 0.35206 
445334 1 -22.3607 234.792 0.304349 
445575 1 30.9005 238.513 0.275373 
451094 1 -22.8531 241.021 0.304522 
451335 1 30.7796 244.764 0.285092 
456399 1 -23.3337 247.265 0.290056 
456600 1 30.6496 250.997 0.319609 
