2798 1 -27.29089476136241 -247.7962153644152 0.7379090000000024 
2959 1 26.42108867061413 -244.44500183027728 0.7379090000000025 
7574 1 -27.703472262087963 -241.5639362587205 0.7379090000000024 
7815 1 26.016065099763168 -238.1481686385581 0.7379090000000024 
13334 1 -28.20399296688325 -235.33327338603385 0.7379090000000021 
13575 1 25.503644706807403 -231.84982062767347 0.7379090000000023 
19094 1 -26.224890719365668 -229.11407734249795 0.7379090000000024 
19335 1 27.462304397568438 -225.52818828309387 0.7379090000000025 
24854 1 -26.859235583855703 -222.90833504479286 0.7379090000000023 
25095 1 26.81455083948315 -219.19233881591768 0.7379090000000024 
30614 1 -27.538313678208514 -216.70985877276505 0.7379090000000021 
30855 1 26.123431134558942 -212.85022211398882 0.7379090000000023 
36374 1 -25.694678437807102 -210.5181220314232 0.7379090000000024 
36615 1 27.958072537149825 -206.50098979526257 0.7379090000000025 
42134 1 -26.432148873332274 -204.3272496459952 0.7379090000000021 
42375 1 27.219119539229794 -200.15415566440507 0.7379090000000023 
47894 1 -24.63538333861878 -198.1337154858991 0.7379090000000023 
48135 1 29.012445564125805 -193.81148347500547 0.7379090000000024 
53654 1 -25.41147214712943 -191.93944246093915 0.7379090000000021 
53895 1 28.235008919664672 -187.46909257787976 0.7379090000000024 
59414 1 -26.200658600255117 -185.74084093721007 0.7379090000000019 
59655 1 27.448916600078775 -181.13488781927524 0.7379090000000021 
65174 1 -24.446571795741285 -179.53700319728915 0.7379090000000021 
65415 1 29.20199012666726 -174.80558569905418 0.7379090000000023 
70934 1 -25.257735109690653 -173.33083362512306 0.737909000000002 
71175 1 28.392357221786664 -168.47805476493028 0.7379090000000023 
76694 1 -26.07656336487008 -167.11957799743294 0.7379090000000018 
76935 1 27.57738068020792 -162.1598636343473 0.737909000000002 
82454 1 -24.347444415323118 -160.90348460769656 0.737909000000002 
82695 1 29.30571422335936 -155.8445306333656 0.737909000000002 
88214 1 -25.179415718751216 -154.6852686307842 0.7379090000000019 
88455 1 28.476466166509805 -149.53132025441906 0.737909000000002 
93974 1 -26.016429392796365 -148.46149791334125 0.7379090000000017 
94215 1 27.642674486234164 -143.22609566426763 0.7379090000000018 
99734 1 -24.302476978637845 -142.2359302409451 0.7379090000000019 
99975 1 29.355632934060928 -136.92326648078725 0.7379090000000018 
105494 1 -25.147348346076157 -136.00771581074412 0.7379090000000017 
105735 1 28.514090822138254 -130.62206099106467 0.7379090000000016 
111254 1 -25.995858126549063 -129.7747197037212 0.7379090000000015 
111495 1 27.667706867140165 -124.32786108663053 0.7379090000000016 
117014 1 -24.291607538822813 -123.54091605557339 0.7379090000000017 
117255 1 29.370910657722654 -118.0339295924981 0.7379090000000016 
122774 1 -25.14479691858856 -117.30480000766597 0.7379090000000015 
123015 1 28.521369103057598 -111.74248893594961 0.7379090000000014 
128534 1 -26.000909346766743 -111.06466123116932 0.7379090000000013 
128775 1 27.666186760884067 -105.45667396414605 0.7379090000000013 
134294 1 -24.30296878067653 -104.82445720947379 0.7379090000000015 
134535 1 29.363332665972 -99.1696320107489 0.7379090000000014 
140054 1 -25.1617689472318 -98.58170735781101 0.7379090000000011 
140295 1 28.508254573732298 -92.88576726890388 0.7379090000000011 
145814 1 -26.022963169353364 -92.33663132153508 0.737909000000001 
146055 1 27.64687645733246 -86.60684874548298 0.737909000000001 
151574 1 -24.32923402038513 -86.09096689880049 0.7379090000000011 
151815 1 29.34034885816381 -80.3249297310141 0.7379090000000011 
157334 1 -25.19183586904012 -79.84331005172298 0.7379090000000008 
157575 1 28.481283841742002 -74.04777468015074 0.7379090000000009 
163094 1 -23.500378333755723 -73.59386524947188 0.737909000000001 
163335 1 30.17164213318994 -67.77358529736412 0.737909000000001 
168854 1 -24.36555035356147 -67.3441608863701 0.7379090000000008 
169095 1 29.30694981490502 -61.49645109494534 0.7379090000000009 
174614 1 -25.23082399989855 -61.09227827225044 0.7379090000000006 
174855 1 28.44476528429592 -55.22474663113842 0.7379090000000007 
180374 1 -23.541746638917633 -54.83927733225187 0.7379090000000008 
180615 1 30.132110075036728 -48.95417548934893 0.7379090000000007 
186134 1 -24.40864458268826 -48.58603812449943 0.7379090000000006 
186375 1 29.266512879542496 -42.681272279940146 0.7379090000000007 
191894 1 -25.2757515015797 -42.330648970492184 0.7379090000000004 
192135 1 28.401813541266232 -36.414278535990675 0.7379090000000005 
197654 1 -23.588166280983906 -36.074626232638515 0.7379090000000006 
197895 1 30.087368379665723 -30.14660569850835 0.7379090000000005 
203414 1 -24.45605885393392 -29.818221117967415 0.7379090000000004 
203655 1 29.22156367755116 -23.87774609581952 0.7379090000000003 
209174 1 -25.3243557213499 -23.559744595952527 0.7379090000000001 
209415 1 28.354821903721913 -17.614787718171947 0.7379090000000003 
214934 1 -23.637532450285445 -17.301009718975784 0.7379090000000004 
215175 1 30.03967242858208 -11.349636626914075 0.7379090000000003 
220694 1 -24.505850685869962 -11.041608584178116 0.7379090000000001 
220935 1 29.174088031147637 -5.0847867310228185 0.737909 
226454 1 -25.374772458803903 -4.780338970986364 0.7379089999999999 
226695 1 28.305788124813077 1.1746240092151221 0.7379089999999999 
232214 1 -23.68806210820125 1.48094911136633 0.7379090000000001 
232455 1 29.990922812309773 7.437282605615259 0.737909 
237974 1 -24.556319204252286 7.743320854208938 0.7379089999999998 
238215 1 29.125820800154063 13.698046876857013 0.7379089999999998 
243734 1 -25.4253321909456 14.00736021161321 0.7379089999999997 
243975 1 28.25652238708044 19.954357979681355 0.7379089999999997 
249494 1 -23.738123260520616 20.271235502030205 0.7379089999999998 
249735 1 29.942841871944303 26.21429464584359 0.7379089999999998 
255254 1 -24.6058461985022 26.536662397690943 0.7379089999999995 
255495 1 29.078420162548763 32.470801548653114 0.7379089999999996 
261014 1 -22.9181673009272 32.80348315356637 0.7379089999999997 
261255 1 30.765042435219648 38.724146861558125 0.7379089999999997 
266774 1 -23.786036826370218 39.07022951290675 0.7379089999999996 
267015 1 29.89718015321835 44.980954825888254 0.7379089999999996 
272534 1 -24.652697426879172 45.33889082295718 0.7379089999999993 
272775 1 29.033680328763577 51.232920157424644 0.7379089999999994 
278294 1 -22.963832937265302 51.6087202144762 0.7379089999999995 
278535 1 30.720953649640407 57.48322774103236 0.7379089999999995 
284054 1 -23.829895759329382 57.87874350138812 0.7379089999999993 
284295 1 29.855908058473997 63.73619434547951 0.7379089999999994 
289814 1 -24.694843052955445 64.15101867860398 0.737908999999999 
290055 1 28.993723629034786 69.9832715005838 0.7379089999999991 
295574 1 -23.00392551537886 70.42419717262652 0.7379089999999993 
295815 1 30.682831261311488 76.23005783075578 0.7379089999999991 
301334 1 -23.867345295848413 76.69821605292853 0.737908999999999 
301575 1 29.821448430299522 82.47831922615049 0.7379089999999991 
307094 1 -24.729692401938483 82.9746935661582 0.7379089999999988 
307335 1 28.96127542759143 88.71999332383157 0.7379089999999989 
312854 1 -23.035607101938574 89.25203294312345 0.737908999999999 
313095 1 30.653695937917476 94.96258275855904 0.7379089999999989 
318614 1 -23.895229482969203 95.53083181966595 0.7379089999999988 
318855 1 29.79704209000588 101.20479454374951 0.7379089999999987 
324374 1 -24.75367572456399 101.81228390562065 0.7379089999999986 
324615 1 28.94008554075273 107.44017929547249 0.7379089999999987 
330134 1 -23.054800975186737 108.09454500728053 0.7379089999999988 
330375 1 30.637813249204015 113.67701148075668 0.7379089999999987 
335894 1 -23.90904982630318 114.3799545351491 0.7379089999999985 
336135 1 29.787291698036377 119.91218569926345 0.7379089999999985 
341654 1 -24.761608432682845 120.66743502878526 0.7379089999999984 
341895 1 28.935548232287573 126.13988779744993 0.7379089999999984 
347414 1 -23.055773351121818 126.95742814218433 0.7379089999999986 
347655 1 30.641084704906966 132.370409911078 0.7379089999999985 
353174 1 -23.901854327464797 133.24950099745925 0.7379089999999983 
353415 1 29.79923728596154 138.59494858204647 0.7379089999999983 
358934 1 -22.189261428291374 139.5450378139195 0.7379089999999984 
359175 1 31.512058733412555 144.81352896083686 0.7379089999999984 
364694 1 -23.028825354662057 145.8437626233183 0.7379089999999983 
364935 1 30.67324749133048 151.0342539736623 0.7379089999999983 
370454 1 -23.862649641971522 152.1456034541188 0.737908999999998 
370695 1 29.843790696370036 157.24670703007413 0.737908999999998 
376214 1 -22.13593946377153 158.4513444815795 0.7379089999999983 
376455 1 31.57018772044212 163.45387451395968 0.7379089999999981 
381974 1 -22.95857487271258 164.76111514429277 0.737908999999998 
382215 1 30.749241627790322 169.66183480017082 0.737908999999998 
387734 1 -23.772892920900695 171.07489388749647 0.7379089999999979 
387975 1 29.93872944780739 175.85962436063886 0.7379089999999978 
393494 1 -22.0231694423091 177.3927458632197 0.7379089999999981 
393735 1 31.687234084943604 182.0530692027905 0.7379089999999979 
399254 1 -22.81816495749367 183.7150633942507 0.7379089999999979 
399495 1 30.893923785157284 188.2458191621395 0.7379089999999979 
405014 1 -23.599977685056263 190.04123900089309 0.7379089999999978 
405255 1 30.113671829234963 194.42777790385765 0.7379089999999977 
410774 1 -21.81120805823181 196.37112987280946 0.737908999999998 
411015 1 31.89852932987326 200.60856638805004 0.7379089999999978 
416534 1 -22.55842494939737 202.7015233041372 0.7379089999999978 
416775 1 31.149870877313973 206.78697885900357 0.7379089999999976 
422294 1 -23.28232503562827 209.03280972454644 0.7379089999999977 
422535 1 30.420847578451962 212.959032769453 0.7379089999999976 
428054 1 -21.421085458604033 215.36121703411456 0.7379089999999979 
428295 1 32.270068231860755 219.1372459612063 0.7379089999999977 
433814 1 -22.075891369350593 221.681372624998 0.7379089999999977 
434055 1 31.603537929679597 225.32123308825913 0.7379089999999976 
439574 1 -22.679623362584696 227.99109320150205 0.7379089999999977 
439815 1 30.981835532154427 231.51383482636055 0.7379089999999976 
445334 1 -20.659288501341365 234.28802266513776 0.7379089999999979 
445575 1 32.98394774934923 237.73011715935635 0.7379089999999977 
451094 1 -21.10988559259314 240.57674505948606 0.7379089999999977 
451335 1 32.53286407497811 243.957827687266 0.7379089999999976 
456399 1 -21.474578885429928 246.87109040768863 0.7379089999999977 
456600 1 32.18302743906375 250.17455985921322 0.7379089999999976 
