2798 1 -25.7309 -249.438 1.19336 
2959 1 28.1622 -244.677 1.20935 
7574 1 -25.9197 -243.214 1.24198 
7815 1 27.5994 -238.439 1.19339 
13334 1 -26.0917 -236.973 1.27168 
13575 1 27.0128 -232.224 1.20331 
19094 1 -25.5496 -230.647 0.929658 
19335 1 28.7778 -225.751 1.18462 
24854 1 -25.6989 -224.438 1.07653 
25095 1 28.0457 -219.489 1.06935 
30614 1 -25.8656 -218.199 1.14964 
30855 1 27.4473 -213.252 1.05895 
36374 1 -25.9524 -211.937 1.17028 
36615 1 26.7598 -207.057 1.09152 
42134 1 -25.4715 -205.651 0.959878 
42375 1 28.411 -200.533 0.95509 
47894 1 -25.6462 -199.413 1.05755 
48135 1 27.8169 -194.285 0.947222 
53654 1 -25.8099 -193.158 1.12627 
53895 1 27.1933 -188.082 0.996668 
59414 1 -25.2303 -186.844 0.833218 
59655 1 28.7768 -181.588 0.884378 
65174 1 -25.4148 -180.615 0.96711 
65415 1 28.1656 -175.331 0.865873 
70934 1 -25.6201 -174.36 1.05889 
71175 1 27.5933 -169.111 0.918733 
76694 1 -24.9464 -168.005 0.658107 
76935 1 29.1622 -162.645 0.840019 
82454 1 -25.1822 -161.802 0.876686 
82695 1 28.4905 -156.387 0.79772 
88214 1 -25.4116 -155.551 0.986636 
88455 1 27.9507 -150.155 0.852696 
93974 1 -25.6201 -149.26 1.11065 
94215 1 27.3106 -143.968 0.953915 
99734 1 -24.9519 -142.972 0.780857 
99975 1 28.7926 -137.459 0.733048 
105494 1 -25.1999 -136.73 0.918504 
105735 1 28.2696 -131.222 0.793116 
111254 1 -25.4533 -130.442 1.04844 
111495 1 27.7066 -125.009 0.893882 
117014 1 -24.6848 -124.113 0.661741 
117255 1 29.1016 -118.549 0.674793 
122774 1 -24.9653 -117.898 0.850155 
123015 1 28.5784 -112.304 0.742847 
128534 1 -25.257 -111.617 0.986179 
128775 1 28.0668 -106.075 0.844469 
134294 1 -24.3674 -105.235 0.508922 
134535 1 29.4236 -99.6576 0.611385 
140054 1 -24.6911 -99.0499 0.777975 
140295 1 28.8894 -93.3964 0.695608 
145814 1 -25.0156 -92.7888 0.919399 
146055 1 28.4125 -87.1545 0.797844 
151574 1 -25.3453 -86.4568 1.12241 
151815 1 27.8962 -80.9502 0.984703 
157334 1 -24.3895 -80.1844 0.696933 
157575 1 29.1913 -74.5049 0.636644 
163094 1 -24.7484 -73.9486 0.855994 
163335 1 28.738 -68.2475 0.747108 
168854 1 -25.1086 -67.6438 1.01105 
169095 1 28.2645 -62.0231 0.902701 
174614 1 -24.0829 -61.3049 0.60223 
174855 1 29.4661 -55.642 0.554266 
180374 1 -24.4734 -55.0949 0.797418 
180615 1 29.0332 -49.3571 0.688822 
186134 1 -24.8612 -48.8178 0.939381 
186375 1 28.6044 -43.1179 0.832466 
191894 1 -23.8011 -42.4177 0.480325 
192135 1 29.6802 -36.8163 0.426768 
197654 1 -24.1992 -36.2287 0.742198 
197895 1 29.2876 -30.4873 0.623424 
203414 1 -24.616 -29.9743 0.882834 
203655 1 28.9002 -24.2258 0.762732 
209174 1 -25.0324 -23.6564 1.07888 
209415 1 28.5289 -18.0367 1.03432 
214934 1 -23.9439 -17.347 0.693278 
215175 1 29.483 -11.6403 0.561073 
220694 1 -24.4035 -11.1067 0.848438 
220935 1 29.1307 -5.36355 0.724958 
226454 1 -24.8616 -4.80458 1.02214 
226695 1 28.7828 0.827325 1.01171 
232214 1 -23.7028 1.53415 0.659715 
232455 1 29.6684 7.2191 0.550102 
237974 1 -24.1826 7.76968 0.786625 
238215 1 29.347 13.5008 0.697824 
243734 1 -24.6688 14.0321 0.893411 
243975 1 29.0309 19.7118 0.901243 
249494 1 -23.3744 20.4571 0.610422 
249735 1 29.8643 26.0443 0.506499 
255254 1 -23.9039 26.6813 0.738402 
255495 1 29.5741 32.3436 0.655671 
261014 1 -24.4014 32.927 0.823095 
261255 1 29.287 38.5834 0.810212 
266774 1 -22.9816 39.4184 0.568174 
267015 1 30.0623 44.863 0.434401 
272534 1 -23.5874 45.6151 0.701907 
272775 1 29.8005 51.1786 0.606828 
278294 1 -24.1064 51.8505 0.778777 
278535 1 29.5361 57.4382 0.73772 
284054 1 -24.7376 58.1038 0.780352 
284295 1 29.2606 63.635 0.992188 
289814 1 -23.2366 64.5668 0.668688 
290055 1 30.0185 70.0081 0.561725 
295574 1 -23.7917 70.7879 0.744763 
295815 1 29.7801 76.2766 0.680283 
301334 1 -24.378 77.0395 0.759773 
301575 1 29.5617 82.5054 0.846052 
307094 1 -22.8459 83.5323 0.637747 
307335 1 30.2166 88.8311 0.527284 
312854 1 -23.455 89.7327 0.717104 
313095 1 30.0198 95.1011 0.631021 
318614 1 -24.0278 95.9744 0.745764 
318855 1 29.8222 101.347 0.752719 
324374 1 -22.4201 102.5 0.609848 
324615 1 30.358 107.641 0.530003 
330134 1 -23.1031 108.682 0.68813 
330375 1 30.2406 113.913 0.589544 
335894 1 -23.6864 114.909 0.728483 
336135 1 30.0561 120.16 0.680827 
341654 1 -24.4207 121.168 0.655569 
341895 1 29.9333 126.378 0.839263 
347414 1 -22.7453 127.636 0.650344 
347655 1 30.4216 132.708 0.559844 
353174 1 -23.3582 133.849 0.698928 
353415 1 30.2639 138.959 0.617489 
358934 1 -24.017 140.103 0.667102 
359175 1 30.1462 145.19 0.713275 
364694 1 -22.3746 146.598 0.601928 
364935 1 30.5532 151.479 0.54655 
370454 1 -23.0319 152.799 0.652638 
370695 1 30.4539 157.747 0.557675 
376214 1 -23.666 159.043 0.64188 
376455 1 30.3268 163.984 0.626859 
381974 1 -21.9732 165.563 0.550955 
382215 1 30.6217 170.233 0.562245 
387734 1 -22.6795 171.76 0.592253 
387975 1 30.6417 176.524 0.499961 
393494 1 -23.315 177.992 0.594849 
393735 1 30.5218 182.77 0.544741 
399254 1 -24.0681 184.243 0.510361 
399495 1 30.5018 188.982 0.629473 
405014 1 -22.297 190.727 0.515634 
405255 1 30.818 195.288 0.451215 
410774 1 -22.9499 196.95 0.523433 
411015 1 30.726 201.549 0.466016 
416534 1 -23.6432 203.2 0.459512 
416775 1 30.6645 207.773 0.529259 
422294 1 -21.8889 209.698 0.415995 
422535 1 30.9652 214.043 0.419087 
428054 1 -22.5616 215.916 0.415264 
428295 1 30.9303 220.323 0.390963 
433814 1 -23.2181 222.159 0.360816 
434055 1 30.8473 226.562 0.435059 
439574 1 -21.4053 228.666 0.298388 
439815 1 31.0938 232.805 0.383568 
445334 1 -22.0521 234.878 0.29805 
445575 1 31.1397 239.102 0.286792 
451094 1 -22.626 241.103 0.29443 
451335 1 31.0076 245.359 0.291488 
456399 1 -23.1994 247.339 0.277658 
456600 1 30.8699 251.59 0.331824 
